[ ]{0: LDARGS}
[ 4 ]{1: CALL 0 5}
[ 4 4 -999 ]{5: INCSP 2}
[ 4 4 -999 0 0 ]{7: GETSP}
[ 4 4 -999 0 0 4 ]{8: CSTI 1}
[ 4 4 -999 0 0 4 1 ]{10: SUB}
[ 4 4 -999 0 0 3 ]{11: GETBP}
[ 4 4 -999 0 0 3 3 ]{12: CSTI 2}
[ 4 4 -999 0 0 3 3 2 ]{14: ADD}
[ 4 4 -999 0 0 3 5 ]{15: LDI}
[ 4 4 -999 0 0 3 3 ]{16: CSTI 0}
[ 4 4 -999 0 0 3 3 0 ]{18: ADD}
[ 4 4 -999 0 0 3 3 ]{19: CSTI 10}
[ 4 4 -999 0 0 3 3 10 ]{21: STI}
[ 4 4 -999 10 0 3 10 ]{22: INCSP -1}
[ 4 4 -999 10 0 3 ]{24: GETBP}
[ 4 4 -999 10 0 3 3 ]{25: CSTI 2}
[ 4 4 -999 10 0 3 3 2 ]{27: ADD}
[ 4 4 -999 10 0 3 5 ]{28: LDI}
[ 4 4 -999 10 0 3 3 ]{29: CSTI 1}
[ 4 4 -999 10 0 3 3 1 ]{31: ADD}
[ 4 4 -999 10 0 3 4 ]{32: CSTI 10}
[ 4 4 -999 10 0 3 4 10 ]{34: STI}
[ 4 4 -999 10 10 3 10 ]{35: INCSP -1}
[ 4 4 -999 10 10 3 ]{37: INCSP 1}
[ 4 4 -999 10 10 3 10 ]{39: INCSP 1}
[ 4 4 -999 10 10 3 10 10 ]{41: GETBP}
[ 4 4 -999 10 10 3 10 10 3 ]{42: CSTI 3}
[ 4 4 -999 10 10 3 10 10 3 3 ]{44: ADD}
[ 4 4 -999 10 10 3 10 10 6 ]{45: GETBP}
[ 4 4 -999 10 10 3 10 10 6 3 ]{46: CSTI 2}
[ 4 4 -999 10 10 3 10 10 6 3 2 ]{48: ADD}
[ 4 4 -999 10 10 3 10 10 6 5 ]{49: LDI}
[ 4 4 -999 10 10 3 10 10 6 3 ]{50: CSTI 0}
[ 4 4 -999 10 10 3 10 10 6 3 0 ]{52: ADD}
[ 4 4 -999 10 10 3 10 10 6 3 ]{53: DUP}
[ 4 4 -999 10 10 3 10 10 6 3 3 ]{54: LDI}
[ 4 4 -999 10 10 3 10 10 6 3 10 ]{55: CSTI 1}
[ 4 4 -999 10 10 3 10 10 6 3 10 1 ]{57: SUB}
[ 4 4 -999 10 10 3 10 10 6 3 9 ]{58: STI}
[ 4 4 -999 9 10 3 10 10 6 9 ]{59: STI}
[ 4 4 -999 9 10 3 9 10 9 ]{60: INCSP -1}
[ 4 4 -999 9 10 3 9 10 ]{62: GETBP}
[ 4 4 -999 9 10 3 9 10 3 ]{63: CSTI 4}
[ 4 4 -999 9 10 3 9 10 3 4 ]{65: ADD}
[ 4 4 -999 9 10 3 9 10 7 ]{66: GETBP}
[ 4 4 -999 9 10 3 9 10 7 3 ]{67: CSTI 2}
[ 4 4 -999 9 10 3 9 10 7 3 2 ]{69: ADD}
[ 4 4 -999 9 10 3 9 10 7 5 ]{70: LDI}
[ 4 4 -999 9 10 3 9 10 7 3 ]{71: CSTI 1}
[ 4 4 -999 9 10 3 9 10 7 3 1 ]{73: ADD}
[ 4 4 -999 9 10 3 9 10 7 4 ]{74: DUP}
[ 4 4 -999 9 10 3 9 10 7 4 4 ]{75: LDI}
[ 4 4 -999 9 10 3 9 10 7 4 10 ]{76: CSTI 1}
[ 4 4 -999 9 10 3 9 10 7 4 10 1 ]{78: ADD}
[ 4 4 -999 9 10 3 9 10 7 4 11 ]{79: STI}
[ 4 4 -999 9 11 3 9 10 7 11 ]{80: STI}
[ 4 4 -999 9 11 3 9 11 11 ]{81: INCSP -1}
[ 4 4 -999 9 11 3 9 11 ]{83: GETBP}
[ 4 4 -999 9 11 3 9 11 3 ]{84: CSTI 3}
[ 4 4 -999 9 11 3 9 11 3 3 ]{86: ADD}
[ 4 4 -999 9 11 3 9 11 6 ]{87: LDI}
[ 4 4 -999 9 11 3 9 11 9 ]{88: PRINTI}
9 [ 4 4 -999 9 11 3 9 11 9 ]{89: INCSP -1}
[ 4 4 -999 9 11 3 9 11 ]{91: GETBP}
[ 4 4 -999 9 11 3 9 11 3 ]{92: CSTI 4}
[ 4 4 -999 9 11 3 9 11 3 4 ]{94: ADD}
[ 4 4 -999 9 11 3 9 11 7 ]{95: LDI}
[ 4 4 -999 9 11 3 9 11 11 ]{96: PRINTI}
11 [ 4 4 -999 9 11 3 9 11 11 ]{97: INCSP -1}
[ 4 4 -999 9 11 3 9 11 ]{99: INCSP -5}
[ 4 4 -999 ]{101: RET -1}
[ 4 -999 ]{4: STOP}
