[ ]{0: INCSP 20}
[ 0 0 0 0 0 0 0 0 0 0 0 0 0 0 0 0 0 0 0 0 ]{2: GETSP}
[ 0 0 0 0 0 0 0 0 0 0 0 0 0 0 0 0 0 0 0 0 19 ]{3: CSTI 19}
[ 0 0 0 0 0 0 0 0 0 0 0 0 0 0 0 0 0 0 0 0 19 19 ]{5: SUB}
[ 0 0 0 0 0 0 0 0 0 0 0 0 0 0 0 0 0 0 0 0 0 ]{6: LDARGS}
[ 0 0 0 0 0 0 0 0 0 0 0 0 0 0 0 0 0 0 0 0 0 4 ]{7: CALL 1 11}
[ 0 0 0 0 0 0 0 0 0 0 0 0 0 0 0 0 0 0 0 0 0 10 -999 4 ]{11: INCSP 1}
[ 0 0 0 0 0 0 0 0 0 0 0 0 0 0 0 0 0 0 0 0 0 10 -999 4 0 ]{13: GETBP}
[ 0 0 0 0 0 0 0 0 0 0 0 0 0 0 0 0 0 0 0 0 0 10 -999 4 0 23 ]{14: CSTI 1}
[ 0 0 0 0 0 0 0 0 0 0 0 0 0 0 0 0 0 0 0 0 0 10 -999 4 0 23 1 ]{16: ADD}
[ 0 0 0 0 0 0 0 0 0 0 0 0 0 0 0 0 0 0 0 0 0 10 -999 4 0 24 ]{17: CSTI 0}
[ 0 0 0 0 0 0 0 0 0 0 0 0 0 0 0 0 0 0 0 0 0 10 -999 4 0 24 0 ]{19: STI}
[ 0 0 0 0 0 0 0 0 0 0 0 0 0 0 0 0 0 0 0 0 0 10 -999 4 0 0 ]{20: INCSP -1}
[ 0 0 0 0 0 0 0 0 0 0 0 0 0 0 0 0 0 0 0 0 0 10 -999 4 0 ]{22: INCSP 1}
[ 0 0 0 0 0 0 0 0 0 0 0 0 0 0 0 0 0 0 0 0 0 10 -999 4 0 0 ]{24: GETBP}
[ 0 0 0 0 0 0 0 0 0 0 0 0 0 0 0 0 0 0 0 0 0 10 -999 4 0 0 23 ]{25: CSTI 2}
[ 0 0 0 0 0 0 0 0 0 0 0 0 0 0 0 0 0 0 0 0 0 10 -999 4 0 0 23 2 ]{27: ADD}
[ 0 0 0 0 0 0 0 0 0 0 0 0 0 0 0 0 0 0 0 0 0 10 -999 4 0 0 25 ]{28: CSTI 1}
[ 0 0 0 0 0 0 0 0 0 0 0 0 0 0 0 0 0 0 0 0 0 10 -999 4 0 0 25 1 ]{30: STI}
[ 0 0 0 0 0 0 0 0 0 0 0 0 0 0 0 0 0 0 0 0 0 10 -999 4 0 1 1 ]{31: INCSP -1}
[ 0 0 0 0 0 0 0 0 0 0 0 0 0 0 0 0 0 0 0 0 0 10 -999 4 0 1 ]{33: GOTO 87}
[ 0 0 0 0 0 0 0 0 0 0 0 0 0 0 0 0 0 0 0 0 0 10 -999 4 0 1 ]{87: GETBP}
[ 0 0 0 0 0 0 0 0 0 0 0 0 0 0 0 0 0 0 0 0 0 10 -999 4 0 1 23 ]{88: CSTI 1}
[ 0 0 0 0 0 0 0 0 0 0 0 0 0 0 0 0 0 0 0 0 0 10 -999 4 0 1 23 1 ]{90: ADD}
[ 0 0 0 0 0 0 0 0 0 0 0 0 0 0 0 0 0 0 0 0 0 10 -999 4 0 1 24 ]{91: LDI}
[ 0 0 0 0 0 0 0 0 0 0 0 0 0 0 0 0 0 0 0 0 0 10 -999 4 0 1 0 ]{92: GETBP}
[ 0 0 0 0 0 0 0 0 0 0 0 0 0 0 0 0 0 0 0 0 0 10 -999 4 0 1 0 23 ]{93: CSTI 0}
[ 0 0 0 0 0 0 0 0 0 0 0 0 0 0 0 0 0 0 0 0 0 10 -999 4 0 1 0 23 0 ]{95: ADD}
[ 0 0 0 0 0 0 0 0 0 0 0 0 0 0 0 0 0 0 0 0 0 10 -999 4 0 1 0 23 ]{96: LDI}
[ 0 0 0 0 0 0 0 0 0 0 0 0 0 0 0 0 0 0 0 0 0 10 -999 4 0 1 0 4 ]{97: LT}
[ 0 0 0 0 0 0 0 0 0 0 0 0 0 0 0 0 0 0 0 0 0 10 -999 4 0 1 1 ]{98: IFNZRO 35}
[ 0 0 0 0 0 0 0 0 0 0 0 0 0 0 0 0 0 0 0 0 0 10 -999 4 0 1 ]{35: CSTI 20}
[ 0 0 0 0 0 0 0 0 0 0 0 0 0 0 0 0 0 0 0 0 0 10 -999 4 0 1 20 ]{37: LDI}
[ 0 0 0 0 0 0 0 0 0 0 0 0 0 0 0 0 0 0 0 0 0 10 -999 4 0 1 0 ]{38: GETBP}
[ 0 0 0 0 0 0 0 0 0 0 0 0 0 0 0 0 0 0 0 0 0 10 -999 4 0 1 0 23 ]{39: CSTI 1}
[ 0 0 0 0 0 0 0 0 0 0 0 0 0 0 0 0 0 0 0 0 0 10 -999 4 0 1 0 23 1 ]{41: ADD}
[ 0 0 0 0 0 0 0 0 0 0 0 0 0 0 0 0 0 0 0 0 0 10 -999 4 0 1 0 24 ]{42: LDI}
[ 0 0 0 0 0 0 0 0 0 0 0 0 0 0 0 0 0 0 0 0 0 10 -999 4 0 1 0 0 ]{43: ADD}
[ 0 0 0 0 0 0 0 0 0 0 0 0 0 0 0 0 0 0 0 0 0 10 -999 4 0 1 0 ]{44: GETBP}
[ 0 0 0 0 0 0 0 0 0 0 0 0 0 0 0 0 0 0 0 0 0 10 -999 4 0 1 0 23 ]{45: CSTI 2}
[ 0 0 0 0 0 0 0 0 0 0 0 0 0 0 0 0 0 0 0 0 0 10 -999 4 0 1 0 23 2 ]{47: ADD}
[ 0 0 0 0 0 0 0 0 0 0 0 0 0 0 0 0 0 0 0 0 0 10 -999 4 0 1 0 25 ]{48: LDI}
[ 0 0 0 0 0 0 0 0 0 0 0 0 0 0 0 0 0 0 0 0 0 10 -999 4 0 1 0 1 ]{49: STI}
[ 1 0 0 0 0 0 0 0 0 0 0 0 0 0 0 0 0 0 0 0 0 10 -999 4 0 1 1 ]{50: INCSP -1}
[ 1 0 0 0 0 0 0 0 0 0 0 0 0 0 0 0 0 0 0 0 0 10 -999 4 0 1 ]{52: GETBP}
[ 1 0 0 0 0 0 0 0 0 0 0 0 0 0 0 0 0 0 0 0 0 10 -999 4 0 1 23 ]{53: CSTI 1}
[ 1 0 0 0 0 0 0 0 0 0 0 0 0 0 0 0 0 0 0 0 0 10 -999 4 0 1 23 1 ]{55: ADD}
[ 1 0 0 0 0 0 0 0 0 0 0 0 0 0 0 0 0 0 0 0 0 10 -999 4 0 1 24 ]{56: GETBP}
[ 1 0 0 0 0 0 0 0 0 0 0 0 0 0 0 0 0 0 0 0 0 10 -999 4 0 1 24 23 ]{57: CSTI 1}
[ 1 0 0 0 0 0 0 0 0 0 0 0 0 0 0 0 0 0 0 0 0 10 -999 4 0 1 24 23 1 ]{59: ADD}
[ 1 0 0 0 0 0 0 0 0 0 0 0 0 0 0 0 0 0 0 0 0 10 -999 4 0 1 24 24 ]{60: LDI}
[ 1 0 0 0 0 0 0 0 0 0 0 0 0 0 0 0 0 0 0 0 0 10 -999 4 0 1 24 0 ]{61: CSTI 1}
[ 1 0 0 0 0 0 0 0 0 0 0 0 0 0 0 0 0 0 0 0 0 10 -999 4 0 1 24 0 1 ]{63: ADD}
[ 1 0 0 0 0 0 0 0 0 0 0 0 0 0 0 0 0 0 0 0 0 10 -999 4 0 1 24 1 ]{64: STI}
[ 1 0 0 0 0 0 0 0 0 0 0 0 0 0 0 0 0 0 0 0 0 10 -999 4 1 1 1 ]{65: INCSP -1}
[ 1 0 0 0 0 0 0 0 0 0 0 0 0 0 0 0 0 0 0 0 0 10 -999 4 1 1 ]{67: GETBP}
[ 1 0 0 0 0 0 0 0 0 0 0 0 0 0 0 0 0 0 0 0 0 10 -999 4 1 1 23 ]{68: CSTI 2}
[ 1 0 0 0 0 0 0 0 0 0 0 0 0 0 0 0 0 0 0 0 0 10 -999 4 1 1 23 2 ]{70: ADD}
[ 1 0 0 0 0 0 0 0 0 0 0 0 0 0 0 0 0 0 0 0 0 10 -999 4 1 1 25 ]{71: GETBP}
[ 1 0 0 0 0 0 0 0 0 0 0 0 0 0 0 0 0 0 0 0 0 10 -999 4 1 1 25 23 ]{72: CSTI 2}
[ 1 0 0 0 0 0 0 0 0 0 0 0 0 0 0 0 0 0 0 0 0 10 -999 4 1 1 25 23 2 ]{74: ADD}
[ 1 0 0 0 0 0 0 0 0 0 0 0 0 0 0 0 0 0 0 0 0 10 -999 4 1 1 25 25 ]{75: LDI}
[ 1 0 0 0 0 0 0 0 0 0 0 0 0 0 0 0 0 0 0 0 0 10 -999 4 1 1 25 1 ]{76: GETBP}
[ 1 0 0 0 0 0 0 0 0 0 0 0 0 0 0 0 0 0 0 0 0 10 -999 4 1 1 25 1 23 ]{77: CSTI 1}
[ 1 0 0 0 0 0 0 0 0 0 0 0 0 0 0 0 0 0 0 0 0 10 -999 4 1 1 25 1 23 1 ]{79: ADD}
[ 1 0 0 0 0 0 0 0 0 0 0 0 0 0 0 0 0 0 0 0 0 10 -999 4 1 1 25 1 24 ]{80: LDI}
[ 1 0 0 0 0 0 0 0 0 0 0 0 0 0 0 0 0 0 0 0 0 10 -999 4 1 1 25 1 1 ]{81: MUL}
[ 1 0 0 0 0 0 0 0 0 0 0 0 0 0 0 0 0 0 0 0 0 10 -999 4 1 1 25 1 ]{82: STI}
[ 1 0 0 0 0 0 0 0 0 0 0 0 0 0 0 0 0 0 0 0 0 10 -999 4 1 1 1 ]{83: INCSP -1}
[ 1 0 0 0 0 0 0 0 0 0 0 0 0 0 0 0 0 0 0 0 0 10 -999 4 1 1 ]{85: INCSP 0}
[ 1 0 0 0 0 0 0 0 0 0 0 0 0 0 0 0 0 0 0 0 0 10 -999 4 1 1 ]{87: GETBP}
[ 1 0 0 0 0 0 0 0 0 0 0 0 0 0 0 0 0 0 0 0 0 10 -999 4 1 1 23 ]{88: CSTI 1}
[ 1 0 0 0 0 0 0 0 0 0 0 0 0 0 0 0 0 0 0 0 0 10 -999 4 1 1 23 1 ]{90: ADD}
[ 1 0 0 0 0 0 0 0 0 0 0 0 0 0 0 0 0 0 0 0 0 10 -999 4 1 1 24 ]{91: LDI}
[ 1 0 0 0 0 0 0 0 0 0 0 0 0 0 0 0 0 0 0 0 0 10 -999 4 1 1 1 ]{92: GETBP}
[ 1 0 0 0 0 0 0 0 0 0 0 0 0 0 0 0 0 0 0 0 0 10 -999 4 1 1 1 23 ]{93: CSTI 0}
[ 1 0 0 0 0 0 0 0 0 0 0 0 0 0 0 0 0 0 0 0 0 10 -999 4 1 1 1 23 0 ]{95: ADD}
[ 1 0 0 0 0 0 0 0 0 0 0 0 0 0 0 0 0 0 0 0 0 10 -999 4 1 1 1 23 ]{96: LDI}
[ 1 0 0 0 0 0 0 0 0 0 0 0 0 0 0 0 0 0 0 0 0 10 -999 4 1 1 1 4 ]{97: LT}
[ 1 0 0 0 0 0 0 0 0 0 0 0 0 0 0 0 0 0 0 0 0 10 -999 4 1 1 1 ]{98: IFNZRO 35}
[ 1 0 0 0 0 0 0 0 0 0 0 0 0 0 0 0 0 0 0 0 0 10 -999 4 1 1 ]{35: CSTI 20}
[ 1 0 0 0 0 0 0 0 0 0 0 0 0 0 0 0 0 0 0 0 0 10 -999 4 1 1 20 ]{37: LDI}
[ 1 0 0 0 0 0 0 0 0 0 0 0 0 0 0 0 0 0 0 0 0 10 -999 4 1 1 0 ]{38: GETBP}
[ 1 0 0 0 0 0 0 0 0 0 0 0 0 0 0 0 0 0 0 0 0 10 -999 4 1 1 0 23 ]{39: CSTI 1}
[ 1 0 0 0 0 0 0 0 0 0 0 0 0 0 0 0 0 0 0 0 0 10 -999 4 1 1 0 23 1 ]{41: ADD}
[ 1 0 0 0 0 0 0 0 0 0 0 0 0 0 0 0 0 0 0 0 0 10 -999 4 1 1 0 24 ]{42: LDI}
[ 1 0 0 0 0 0 0 0 0 0 0 0 0 0 0 0 0 0 0 0 0 10 -999 4 1 1 0 1 ]{43: ADD}
[ 1 0 0 0 0 0 0 0 0 0 0 0 0 0 0 0 0 0 0 0 0 10 -999 4 1 1 1 ]{44: GETBP}
[ 1 0 0 0 0 0 0 0 0 0 0 0 0 0 0 0 0 0 0 0 0 10 -999 4 1 1 1 23 ]{45: CSTI 2}
[ 1 0 0 0 0 0 0 0 0 0 0 0 0 0 0 0 0 0 0 0 0 10 -999 4 1 1 1 23 2 ]{47: ADD}
[ 1 0 0 0 0 0 0 0 0 0 0 0 0 0 0 0 0 0 0 0 0 10 -999 4 1 1 1 25 ]{48: LDI}
[ 1 0 0 0 0 0 0 0 0 0 0 0 0 0 0 0 0 0 0 0 0 10 -999 4 1 1 1 1 ]{49: STI}
[ 1 1 0 0 0 0 0 0 0 0 0 0 0 0 0 0 0 0 0 0 0 10 -999 4 1 1 1 ]{50: INCSP -1}
[ 1 1 0 0 0 0 0 0 0 0 0 0 0 0 0 0 0 0 0 0 0 10 -999 4 1 1 ]{52: GETBP}
[ 1 1 0 0 0 0 0 0 0 0 0 0 0 0 0 0 0 0 0 0 0 10 -999 4 1 1 23 ]{53: CSTI 1}
[ 1 1 0 0 0 0 0 0 0 0 0 0 0 0 0 0 0 0 0 0 0 10 -999 4 1 1 23 1 ]{55: ADD}
[ 1 1 0 0 0 0 0 0 0 0 0 0 0 0 0 0 0 0 0 0 0 10 -999 4 1 1 24 ]{56: GETBP}
[ 1 1 0 0 0 0 0 0 0 0 0 0 0 0 0 0 0 0 0 0 0 10 -999 4 1 1 24 23 ]{57: CSTI 1}
[ 1 1 0 0 0 0 0 0 0 0 0 0 0 0 0 0 0 0 0 0 0 10 -999 4 1 1 24 23 1 ]{59: ADD}
[ 1 1 0 0 0 0 0 0 0 0 0 0 0 0 0 0 0 0 0 0 0 10 -999 4 1 1 24 24 ]{60: LDI}
[ 1 1 0 0 0 0 0 0 0 0 0 0 0 0 0 0 0 0 0 0 0 10 -999 4 1 1 24 1 ]{61: CSTI 1}
[ 1 1 0 0 0 0 0 0 0 0 0 0 0 0 0 0 0 0 0 0 0 10 -999 4 1 1 24 1 1 ]{63: ADD}
[ 1 1 0 0 0 0 0 0 0 0 0 0 0 0 0 0 0 0 0 0 0 10 -999 4 1 1 24 2 ]{64: STI}
[ 1 1 0 0 0 0 0 0 0 0 0 0 0 0 0 0 0 0 0 0 0 10 -999 4 2 1 2 ]{65: INCSP -1}
[ 1 1 0 0 0 0 0 0 0 0 0 0 0 0 0 0 0 0 0 0 0 10 -999 4 2 1 ]{67: GETBP}
[ 1 1 0 0 0 0 0 0 0 0 0 0 0 0 0 0 0 0 0 0 0 10 -999 4 2 1 23 ]{68: CSTI 2}
[ 1 1 0 0 0 0 0 0 0 0 0 0 0 0 0 0 0 0 0 0 0 10 -999 4 2 1 23 2 ]{70: ADD}
[ 1 1 0 0 0 0 0 0 0 0 0 0 0 0 0 0 0 0 0 0 0 10 -999 4 2 1 25 ]{71: GETBP}
[ 1 1 0 0 0 0 0 0 0 0 0 0 0 0 0 0 0 0 0 0 0 10 -999 4 2 1 25 23 ]{72: CSTI 2}
[ 1 1 0 0 0 0 0 0 0 0 0 0 0 0 0 0 0 0 0 0 0 10 -999 4 2 1 25 23 2 ]{74: ADD}
[ 1 1 0 0 0 0 0 0 0 0 0 0 0 0 0 0 0 0 0 0 0 10 -999 4 2 1 25 25 ]{75: LDI}
[ 1 1 0 0 0 0 0 0 0 0 0 0 0 0 0 0 0 0 0 0 0 10 -999 4 2 1 25 1 ]{76: GETBP}
[ 1 1 0 0 0 0 0 0 0 0 0 0 0 0 0 0 0 0 0 0 0 10 -999 4 2 1 25 1 23 ]{77: CSTI 1}
[ 1 1 0 0 0 0 0 0 0 0 0 0 0 0 0 0 0 0 0 0 0 10 -999 4 2 1 25 1 23 1 ]{79: ADD}
[ 1 1 0 0 0 0 0 0 0 0 0 0 0 0 0 0 0 0 0 0 0 10 -999 4 2 1 25 1 24 ]{80: LDI}
[ 1 1 0 0 0 0 0 0 0 0 0 0 0 0 0 0 0 0 0 0 0 10 -999 4 2 1 25 1 2 ]{81: MUL}
[ 1 1 0 0 0 0 0 0 0 0 0 0 0 0 0 0 0 0 0 0 0 10 -999 4 2 1 25 2 ]{82: STI}
[ 1 1 0 0 0 0 0 0 0 0 0 0 0 0 0 0 0 0 0 0 0 10 -999 4 2 2 2 ]{83: INCSP -1}
[ 1 1 0 0 0 0 0 0 0 0 0 0 0 0 0 0 0 0 0 0 0 10 -999 4 2 2 ]{85: INCSP 0}
[ 1 1 0 0 0 0 0 0 0 0 0 0 0 0 0 0 0 0 0 0 0 10 -999 4 2 2 ]{87: GETBP}
[ 1 1 0 0 0 0 0 0 0 0 0 0 0 0 0 0 0 0 0 0 0 10 -999 4 2 2 23 ]{88: CSTI 1}
[ 1 1 0 0 0 0 0 0 0 0 0 0 0 0 0 0 0 0 0 0 0 10 -999 4 2 2 23 1 ]{90: ADD}
[ 1 1 0 0 0 0 0 0 0 0 0 0 0 0 0 0 0 0 0 0 0 10 -999 4 2 2 24 ]{91: LDI}
[ 1 1 0 0 0 0 0 0 0 0 0 0 0 0 0 0 0 0 0 0 0 10 -999 4 2 2 2 ]{92: GETBP}
[ 1 1 0 0 0 0 0 0 0 0 0 0 0 0 0 0 0 0 0 0 0 10 -999 4 2 2 2 23 ]{93: CSTI 0}
[ 1 1 0 0 0 0 0 0 0 0 0 0 0 0 0 0 0 0 0 0 0 10 -999 4 2 2 2 23 0 ]{95: ADD}
[ 1 1 0 0 0 0 0 0 0 0 0 0 0 0 0 0 0 0 0 0 0 10 -999 4 2 2 2 23 ]{96: LDI}
[ 1 1 0 0 0 0 0 0 0 0 0 0 0 0 0 0 0 0 0 0 0 10 -999 4 2 2 2 4 ]{97: LT}
[ 1 1 0 0 0 0 0 0 0 0 0 0 0 0 0 0 0 0 0 0 0 10 -999 4 2 2 1 ]{98: IFNZRO 35}
[ 1 1 0 0 0 0 0 0 0 0 0 0 0 0 0 0 0 0 0 0 0 10 -999 4 2 2 ]{35: CSTI 20}
[ 1 1 0 0 0 0 0 0 0 0 0 0 0 0 0 0 0 0 0 0 0 10 -999 4 2 2 20 ]{37: LDI}
[ 1 1 0 0 0 0 0 0 0 0 0 0 0 0 0 0 0 0 0 0 0 10 -999 4 2 2 0 ]{38: GETBP}
[ 1 1 0 0 0 0 0 0 0 0 0 0 0 0 0 0 0 0 0 0 0 10 -999 4 2 2 0 23 ]{39: CSTI 1}
[ 1 1 0 0 0 0 0 0 0 0 0 0 0 0 0 0 0 0 0 0 0 10 -999 4 2 2 0 23 1 ]{41: ADD}
[ 1 1 0 0 0 0 0 0 0 0 0 0 0 0 0 0 0 0 0 0 0 10 -999 4 2 2 0 24 ]{42: LDI}
[ 1 1 0 0 0 0 0 0 0 0 0 0 0 0 0 0 0 0 0 0 0 10 -999 4 2 2 0 2 ]{43: ADD}
[ 1 1 0 0 0 0 0 0 0 0 0 0 0 0 0 0 0 0 0 0 0 10 -999 4 2 2 2 ]{44: GETBP}
[ 1 1 0 0 0 0 0 0 0 0 0 0 0 0 0 0 0 0 0 0 0 10 -999 4 2 2 2 23 ]{45: CSTI 2}
[ 1 1 0 0 0 0 0 0 0 0 0 0 0 0 0 0 0 0 0 0 0 10 -999 4 2 2 2 23 2 ]{47: ADD}
[ 1 1 0 0 0 0 0 0 0 0 0 0 0 0 0 0 0 0 0 0 0 10 -999 4 2 2 2 25 ]{48: LDI}
[ 1 1 0 0 0 0 0 0 0 0 0 0 0 0 0 0 0 0 0 0 0 10 -999 4 2 2 2 2 ]{49: STI}
[ 1 1 2 0 0 0 0 0 0 0 0 0 0 0 0 0 0 0 0 0 0 10 -999 4 2 2 2 ]{50: INCSP -1}
[ 1 1 2 0 0 0 0 0 0 0 0 0 0 0 0 0 0 0 0 0 0 10 -999 4 2 2 ]{52: GETBP}
[ 1 1 2 0 0 0 0 0 0 0 0 0 0 0 0 0 0 0 0 0 0 10 -999 4 2 2 23 ]{53: CSTI 1}
[ 1 1 2 0 0 0 0 0 0 0 0 0 0 0 0 0 0 0 0 0 0 10 -999 4 2 2 23 1 ]{55: ADD}
[ 1 1 2 0 0 0 0 0 0 0 0 0 0 0 0 0 0 0 0 0 0 10 -999 4 2 2 24 ]{56: GETBP}
[ 1 1 2 0 0 0 0 0 0 0 0 0 0 0 0 0 0 0 0 0 0 10 -999 4 2 2 24 23 ]{57: CSTI 1}
[ 1 1 2 0 0 0 0 0 0 0 0 0 0 0 0 0 0 0 0 0 0 10 -999 4 2 2 24 23 1 ]{59: ADD}
[ 1 1 2 0 0 0 0 0 0 0 0 0 0 0 0 0 0 0 0 0 0 10 -999 4 2 2 24 24 ]{60: LDI}
[ 1 1 2 0 0 0 0 0 0 0 0 0 0 0 0 0 0 0 0 0 0 10 -999 4 2 2 24 2 ]{61: CSTI 1}
[ 1 1 2 0 0 0 0 0 0 0 0 0 0 0 0 0 0 0 0 0 0 10 -999 4 2 2 24 2 1 ]{63: ADD}
[ 1 1 2 0 0 0 0 0 0 0 0 0 0 0 0 0 0 0 0 0 0 10 -999 4 2 2 24 3 ]{64: STI}
[ 1 1 2 0 0 0 0 0 0 0 0 0 0 0 0 0 0 0 0 0 0 10 -999 4 3 2 3 ]{65: INCSP -1}
[ 1 1 2 0 0 0 0 0 0 0 0 0 0 0 0 0 0 0 0 0 0 10 -999 4 3 2 ]{67: GETBP}
[ 1 1 2 0 0 0 0 0 0 0 0 0 0 0 0 0 0 0 0 0 0 10 -999 4 3 2 23 ]{68: CSTI 2}
[ 1 1 2 0 0 0 0 0 0 0 0 0 0 0 0 0 0 0 0 0 0 10 -999 4 3 2 23 2 ]{70: ADD}
[ 1 1 2 0 0 0 0 0 0 0 0 0 0 0 0 0 0 0 0 0 0 10 -999 4 3 2 25 ]{71: GETBP}
[ 1 1 2 0 0 0 0 0 0 0 0 0 0 0 0 0 0 0 0 0 0 10 -999 4 3 2 25 23 ]{72: CSTI 2}
[ 1 1 2 0 0 0 0 0 0 0 0 0 0 0 0 0 0 0 0 0 0 10 -999 4 3 2 25 23 2 ]{74: ADD}
[ 1 1 2 0 0 0 0 0 0 0 0 0 0 0 0 0 0 0 0 0 0 10 -999 4 3 2 25 25 ]{75: LDI}
[ 1 1 2 0 0 0 0 0 0 0 0 0 0 0 0 0 0 0 0 0 0 10 -999 4 3 2 25 2 ]{76: GETBP}
[ 1 1 2 0 0 0 0 0 0 0 0 0 0 0 0 0 0 0 0 0 0 10 -999 4 3 2 25 2 23 ]{77: CSTI 1}
[ 1 1 2 0 0 0 0 0 0 0 0 0 0 0 0 0 0 0 0 0 0 10 -999 4 3 2 25 2 23 1 ]{79: ADD}
[ 1 1 2 0 0 0 0 0 0 0 0 0 0 0 0 0 0 0 0 0 0 10 -999 4 3 2 25 2 24 ]{80: LDI}
[ 1 1 2 0 0 0 0 0 0 0 0 0 0 0 0 0 0 0 0 0 0 10 -999 4 3 2 25 2 3 ]{81: MUL}
[ 1 1 2 0 0 0 0 0 0 0 0 0 0 0 0 0 0 0 0 0 0 10 -999 4 3 2 25 6 ]{82: STI}
[ 1 1 2 0 0 0 0 0 0 0 0 0 0 0 0 0 0 0 0 0 0 10 -999 4 3 6 6 ]{83: INCSP -1}
[ 1 1 2 0 0 0 0 0 0 0 0 0 0 0 0 0 0 0 0 0 0 10 -999 4 3 6 ]{85: INCSP 0}
[ 1 1 2 0 0 0 0 0 0 0 0 0 0 0 0 0 0 0 0 0 0 10 -999 4 3 6 ]{87: GETBP}
[ 1 1 2 0 0 0 0 0 0 0 0 0 0 0 0 0 0 0 0 0 0 10 -999 4 3 6 23 ]{88: CSTI 1}
[ 1 1 2 0 0 0 0 0 0 0 0 0 0 0 0 0 0 0 0 0 0 10 -999 4 3 6 23 1 ]{90: ADD}
[ 1 1 2 0 0 0 0 0 0 0 0 0 0 0 0 0 0 0 0 0 0 10 -999 4 3 6 24 ]{91: LDI}
[ 1 1 2 0 0 0 0 0 0 0 0 0 0 0 0 0 0 0 0 0 0 10 -999 4 3 6 3 ]{92: GETBP}
[ 1 1 2 0 0 0 0 0 0 0 0 0 0 0 0 0 0 0 0 0 0 10 -999 4 3 6 3 23 ]{93: CSTI 0}
[ 1 1 2 0 0 0 0 0 0 0 0 0 0 0 0 0 0 0 0 0 0 10 -999 4 3 6 3 23 0 ]{95: ADD}
[ 1 1 2 0 0 0 0 0 0 0 0 0 0 0 0 0 0 0 0 0 0 10 -999 4 3 6 3 23 ]{96: LDI}
[ 1 1 2 0 0 0 0 0 0 0 0 0 0 0 0 0 0 0 0 0 0 10 -999 4 3 6 3 4 ]{97: LT}
[ 1 1 2 0 0 0 0 0 0 0 0 0 0 0 0 0 0 0 0 0 0 10 -999 4 3 6 1 ]{98: IFNZRO 35}
[ 1 1 2 0 0 0 0 0 0 0 0 0 0 0 0 0 0 0 0 0 0 10 -999 4 3 6 ]{35: CSTI 20}
[ 1 1 2 0 0 0 0 0 0 0 0 0 0 0 0 0 0 0 0 0 0 10 -999 4 3 6 20 ]{37: LDI}
[ 1 1 2 0 0 0 0 0 0 0 0 0 0 0 0 0 0 0 0 0 0 10 -999 4 3 6 0 ]{38: GETBP}
[ 1 1 2 0 0 0 0 0 0 0 0 0 0 0 0 0 0 0 0 0 0 10 -999 4 3 6 0 23 ]{39: CSTI 1}
[ 1 1 2 0 0 0 0 0 0 0 0 0 0 0 0 0 0 0 0 0 0 10 -999 4 3 6 0 23 1 ]{41: ADD}
[ 1 1 2 0 0 0 0 0 0 0 0 0 0 0 0 0 0 0 0 0 0 10 -999 4 3 6 0 24 ]{42: LDI}
[ 1 1 2 0 0 0 0 0 0 0 0 0 0 0 0 0 0 0 0 0 0 10 -999 4 3 6 0 3 ]{43: ADD}
[ 1 1 2 0 0 0 0 0 0 0 0 0 0 0 0 0 0 0 0 0 0 10 -999 4 3 6 3 ]{44: GETBP}
[ 1 1 2 0 0 0 0 0 0 0 0 0 0 0 0 0 0 0 0 0 0 10 -999 4 3 6 3 23 ]{45: CSTI 2}
[ 1 1 2 0 0 0 0 0 0 0 0 0 0 0 0 0 0 0 0 0 0 10 -999 4 3 6 3 23 2 ]{47: ADD}
[ 1 1 2 0 0 0 0 0 0 0 0 0 0 0 0 0 0 0 0 0 0 10 -999 4 3 6 3 25 ]{48: LDI}
[ 1 1 2 0 0 0 0 0 0 0 0 0 0 0 0 0 0 0 0 0 0 10 -999 4 3 6 3 6 ]{49: STI}
[ 1 1 2 6 0 0 0 0 0 0 0 0 0 0 0 0 0 0 0 0 0 10 -999 4 3 6 6 ]{50: INCSP -1}
[ 1 1 2 6 0 0 0 0 0 0 0 0 0 0 0 0 0 0 0 0 0 10 -999 4 3 6 ]{52: GETBP}
[ 1 1 2 6 0 0 0 0 0 0 0 0 0 0 0 0 0 0 0 0 0 10 -999 4 3 6 23 ]{53: CSTI 1}
[ 1 1 2 6 0 0 0 0 0 0 0 0 0 0 0 0 0 0 0 0 0 10 -999 4 3 6 23 1 ]{55: ADD}
[ 1 1 2 6 0 0 0 0 0 0 0 0 0 0 0 0 0 0 0 0 0 10 -999 4 3 6 24 ]{56: GETBP}
[ 1 1 2 6 0 0 0 0 0 0 0 0 0 0 0 0 0 0 0 0 0 10 -999 4 3 6 24 23 ]{57: CSTI 1}
[ 1 1 2 6 0 0 0 0 0 0 0 0 0 0 0 0 0 0 0 0 0 10 -999 4 3 6 24 23 1 ]{59: ADD}
[ 1 1 2 6 0 0 0 0 0 0 0 0 0 0 0 0 0 0 0 0 0 10 -999 4 3 6 24 24 ]{60: LDI}
[ 1 1 2 6 0 0 0 0 0 0 0 0 0 0 0 0 0 0 0 0 0 10 -999 4 3 6 24 3 ]{61: CSTI 1}
[ 1 1 2 6 0 0 0 0 0 0 0 0 0 0 0 0 0 0 0 0 0 10 -999 4 3 6 24 3 1 ]{63: ADD}
[ 1 1 2 6 0 0 0 0 0 0 0 0 0 0 0 0 0 0 0 0 0 10 -999 4 3 6 24 4 ]{64: STI}
[ 1 1 2 6 0 0 0 0 0 0 0 0 0 0 0 0 0 0 0 0 0 10 -999 4 4 6 4 ]{65: INCSP -1}
[ 1 1 2 6 0 0 0 0 0 0 0 0 0 0 0 0 0 0 0 0 0 10 -999 4 4 6 ]{67: GETBP}
[ 1 1 2 6 0 0 0 0 0 0 0 0 0 0 0 0 0 0 0 0 0 10 -999 4 4 6 23 ]{68: CSTI 2}
[ 1 1 2 6 0 0 0 0 0 0 0 0 0 0 0 0 0 0 0 0 0 10 -999 4 4 6 23 2 ]{70: ADD}
[ 1 1 2 6 0 0 0 0 0 0 0 0 0 0 0 0 0 0 0 0 0 10 -999 4 4 6 25 ]{71: GETBP}
[ 1 1 2 6 0 0 0 0 0 0 0 0 0 0 0 0 0 0 0 0 0 10 -999 4 4 6 25 23 ]{72: CSTI 2}
[ 1 1 2 6 0 0 0 0 0 0 0 0 0 0 0 0 0 0 0 0 0 10 -999 4 4 6 25 23 2 ]{74: ADD}
[ 1 1 2 6 0 0 0 0 0 0 0 0 0 0 0 0 0 0 0 0 0 10 -999 4 4 6 25 25 ]{75: LDI}
[ 1 1 2 6 0 0 0 0 0 0 0 0 0 0 0 0 0 0 0 0 0 10 -999 4 4 6 25 6 ]{76: GETBP}
[ 1 1 2 6 0 0 0 0 0 0 0 0 0 0 0 0 0 0 0 0 0 10 -999 4 4 6 25 6 23 ]{77: CSTI 1}
[ 1 1 2 6 0 0 0 0 0 0 0 0 0 0 0 0 0 0 0 0 0 10 -999 4 4 6 25 6 23 1 ]{79: ADD}
[ 1 1 2 6 0 0 0 0 0 0 0 0 0 0 0 0 0 0 0 0 0 10 -999 4 4 6 25 6 24 ]{80: LDI}
[ 1 1 2 6 0 0 0 0 0 0 0 0 0 0 0 0 0 0 0 0 0 10 -999 4 4 6 25 6 4 ]{81: MUL}
[ 1 1 2 6 0 0 0 0 0 0 0 0 0 0 0 0 0 0 0 0 0 10 -999 4 4 6 25 24 ]{82: STI}
[ 1 1 2 6 0 0 0 0 0 0 0 0 0 0 0 0 0 0 0 0 0 10 -999 4 4 24 24 ]{83: INCSP -1}
[ 1 1 2 6 0 0 0 0 0 0 0 0 0 0 0 0 0 0 0 0 0 10 -999 4 4 24 ]{85: INCSP 0}
[ 1 1 2 6 0 0 0 0 0 0 0 0 0 0 0 0 0 0 0 0 0 10 -999 4 4 24 ]{87: GETBP}
[ 1 1 2 6 0 0 0 0 0 0 0 0 0 0 0 0 0 0 0 0 0 10 -999 4 4 24 23 ]{88: CSTI 1}
[ 1 1 2 6 0 0 0 0 0 0 0 0 0 0 0 0 0 0 0 0 0 10 -999 4 4 24 23 1 ]{90: ADD}
[ 1 1 2 6 0 0 0 0 0 0 0 0 0 0 0 0 0 0 0 0 0 10 -999 4 4 24 24 ]{91: LDI}
[ 1 1 2 6 0 0 0 0 0 0 0 0 0 0 0 0 0 0 0 0 0 10 -999 4 4 24 4 ]{92: GETBP}
[ 1 1 2 6 0 0 0 0 0 0 0 0 0 0 0 0 0 0 0 0 0 10 -999 4 4 24 4 23 ]{93: CSTI 0}
[ 1 1 2 6 0 0 0 0 0 0 0 0 0 0 0 0 0 0 0 0 0 10 -999 4 4 24 4 23 0 ]{95: ADD}
[ 1 1 2 6 0 0 0 0 0 0 0 0 0 0 0 0 0 0 0 0 0 10 -999 4 4 24 4 23 ]{96: LDI}
[ 1 1 2 6 0 0 0 0 0 0 0 0 0 0 0 0 0 0 0 0 0 10 -999 4 4 24 4 4 ]{97: LT}
[ 1 1 2 6 0 0 0 0 0 0 0 0 0 0 0 0 0 0 0 0 0 10 -999 4 4 24 0 ]{98: IFNZRO 35}
[ 1 1 2 6 0 0 0 0 0 0 0 0 0 0 0 0 0 0 0 0 0 10 -999 4 4 24 ]{100: GETBP}
[ 1 1 2 6 0 0 0 0 0 0 0 0 0 0 0 0 0 0 0 0 0 10 -999 4 4 24 23 ]{101: CSTI 0}
[ 1 1 2 6 0 0 0 0 0 0 0 0 0 0 0 0 0 0 0 0 0 10 -999 4 4 24 23 0 ]{103: ADD}
[ 1 1 2 6 0 0 0 0 0 0 0 0 0 0 0 0 0 0 0 0 0 10 -999 4 4 24 23 ]{104: LDI}
[ 1 1 2 6 0 0 0 0 0 0 0 0 0 0 0 0 0 0 0 0 0 10 -999 4 4 24 4 ]{105: CSTI 20}
[ 1 1 2 6 0 0 0 0 0 0 0 0 0 0 0 0 0 0 0 0 0 10 -999 4 4 24 4 20 ]{107: LDI}
[ 1 1 2 6 0 0 0 0 0 0 0 0 0 0 0 0 0 0 0 0 0 10 -999 4 4 24 4 0 ]{108: CALL 2 117}
[ 1 1 2 6 0 0 0 0 0 0 0 0 0 0 0 0 0 0 0 0 0 10 -999 4 4 24 111 23 4 0 ]{117: INCSP 1}
[ 1 1 2 6 0 0 0 0 0 0 0 0 0 0 0 0 0 0 0 0 0 10 -999 4 4 24 111 23 4 0 0 ]{119: GETBP}
[ 1 1 2 6 0 0 0 0 0 0 0 0 0 0 0 0 0 0 0 0 0 10 -999 4 4 24 111 23 4 0 0 28 ]{120: CSTI 2}
[ 1 1 2 6 0 0 0 0 0 0 0 0 0 0 0 0 0 0 0 0 0 10 -999 4 4 24 111 23 4 0 0 28 2 ]{122: ADD}
[ 1 1 2 6 0 0 0 0 0 0 0 0 0 0 0 0 0 0 0 0 0 10 -999 4 4 24 111 23 4 0 0 30 ]{123: CSTI 0}
[ 1 1 2 6 0 0 0 0 0 0 0 0 0 0 0 0 0 0 0 0 0 10 -999 4 4 24 111 23 4 0 0 30 0 ]{125: STI}
[ 1 1 2 6 0 0 0 0 0 0 0 0 0 0 0 0 0 0 0 0 0 10 -999 4 4 24 111 23 4 0 0 0 ]{126: INCSP -1}
[ 1 1 2 6 0 0 0 0 0 0 0 0 0 0 0 0 0 0 0 0 0 10 -999 4 4 24 111 23 4 0 0 ]{128: GOTO 162}
[ 1 1 2 6 0 0 0 0 0 0 0 0 0 0 0 0 0 0 0 0 0 10 -999 4 4 24 111 23 4 0 0 ]{162: GETBP}
[ 1 1 2 6 0 0 0 0 0 0 0 0 0 0 0 0 0 0 0 0 0 10 -999 4 4 24 111 23 4 0 0 28 ]{163: CSTI 2}
[ 1 1 2 6 0 0 0 0 0 0 0 0 0 0 0 0 0 0 0 0 0 10 -999 4 4 24 111 23 4 0 0 28 2 ]{165: ADD}
[ 1 1 2 6 0 0 0 0 0 0 0 0 0 0 0 0 0 0 0 0 0 10 -999 4 4 24 111 23 4 0 0 30 ]{166: LDI}
[ 1 1 2 6 0 0 0 0 0 0 0 0 0 0 0 0 0 0 0 0 0 10 -999 4 4 24 111 23 4 0 0 0 ]{167: GETBP}
[ 1 1 2 6 0 0 0 0 0 0 0 0 0 0 0 0 0 0 0 0 0 10 -999 4 4 24 111 23 4 0 0 0 28 ]{168: CSTI 0}
[ 1 1 2 6 0 0 0 0 0 0 0 0 0 0 0 0 0 0 0 0 0 10 -999 4 4 24 111 23 4 0 0 0 28 0 ]{170: ADD}
[ 1 1 2 6 0 0 0 0 0 0 0 0 0 0 0 0 0 0 0 0 0 10 -999 4 4 24 111 23 4 0 0 0 28 ]{171: LDI}
[ 1 1 2 6 0 0 0 0 0 0 0 0 0 0 0 0 0 0 0 0 0 10 -999 4 4 24 111 23 4 0 0 0 4 ]{172: LT}
[ 1 1 2 6 0 0 0 0 0 0 0 0 0 0 0 0 0 0 0 0 0 10 -999 4 4 24 111 23 4 0 0 1 ]{173: IFNZRO 130}
[ 1 1 2 6 0 0 0 0 0 0 0 0 0 0 0 0 0 0 0 0 0 10 -999 4 4 24 111 23 4 0 0 ]{130: GETBP}
[ 1 1 2 6 0 0 0 0 0 0 0 0 0 0 0 0 0 0 0 0 0 10 -999 4 4 24 111 23 4 0 0 28 ]{131: CSTI 1}
[ 1 1 2 6 0 0 0 0 0 0 0 0 0 0 0 0 0 0 0 0 0 10 -999 4 4 24 111 23 4 0 0 28 1 ]{133: ADD}
[ 1 1 2 6 0 0 0 0 0 0 0 0 0 0 0 0 0 0 0 0 0 10 -999 4 4 24 111 23 4 0 0 29 ]{134: LDI}
[ 1 1 2 6 0 0 0 0 0 0 0 0 0 0 0 0 0 0 0 0 0 10 -999 4 4 24 111 23 4 0 0 0 ]{135: GETBP}
[ 1 1 2 6 0 0 0 0 0 0 0 0 0 0 0 0 0 0 0 0 0 10 -999 4 4 24 111 23 4 0 0 0 28 ]{136: CSTI 2}
[ 1 1 2 6 0 0 0 0 0 0 0 0 0 0 0 0 0 0 0 0 0 10 -999 4 4 24 111 23 4 0 0 0 28 2 ]{138: ADD}
[ 1 1 2 6 0 0 0 0 0 0 0 0 0 0 0 0 0 0 0 0 0 10 -999 4 4 24 111 23 4 0 0 0 30 ]{139: LDI}
[ 1 1 2 6 0 0 0 0 0 0 0 0 0 0 0 0 0 0 0 0 0 10 -999 4 4 24 111 23 4 0 0 0 0 ]{140: ADD}
[ 1 1 2 6 0 0 0 0 0 0 0 0 0 0 0 0 0 0 0 0 0 10 -999 4 4 24 111 23 4 0 0 0 ]{141: LDI}
[ 1 1 2 6 0 0 0 0 0 0 0 0 0 0 0 0 0 0 0 0 0 10 -999 4 4 24 111 23 4 0 0 1 ]{142: PRINTI}
1 [ 1 1 2 6 0 0 0 0 0 0 0 0 0 0 0 0 0 0 0 0 0 10 -999 4 4 24 111 23 4 0 0 1 ]{143: INCSP -1}
[ 1 1 2 6 0 0 0 0 0 0 0 0 0 0 0 0 0 0 0 0 0 10 -999 4 4 24 111 23 4 0 0 ]{145: GETBP}
[ 1 1 2 6 0 0 0 0 0 0 0 0 0 0 0 0 0 0 0 0 0 10 -999 4 4 24 111 23 4 0 0 28 ]{146: CSTI 2}
[ 1 1 2 6 0 0 0 0 0 0 0 0 0 0 0 0 0 0 0 0 0 10 -999 4 4 24 111 23 4 0 0 28 2 ]{148: ADD}
[ 1 1 2 6 0 0 0 0 0 0 0 0 0 0 0 0 0 0 0 0 0 10 -999 4 4 24 111 23 4 0 0 30 ]{149: GETBP}
[ 1 1 2 6 0 0 0 0 0 0 0 0 0 0 0 0 0 0 0 0 0 10 -999 4 4 24 111 23 4 0 0 30 28 ]{150: CSTI 2}
[ 1 1 2 6 0 0 0 0 0 0 0 0 0 0 0 0 0 0 0 0 0 10 -999 4 4 24 111 23 4 0 0 30 28 2 ]{152: ADD}
[ 1 1 2 6 0 0 0 0 0 0 0 0 0 0 0 0 0 0 0 0 0 10 -999 4 4 24 111 23 4 0 0 30 30 ]{153: LDI}
[ 1 1 2 6 0 0 0 0 0 0 0 0 0 0 0 0 0 0 0 0 0 10 -999 4 4 24 111 23 4 0 0 30 0 ]{154: CSTI 1}
[ 1 1 2 6 0 0 0 0 0 0 0 0 0 0 0 0 0 0 0 0 0 10 -999 4 4 24 111 23 4 0 0 30 0 1 ]{156: ADD}
[ 1 1 2 6 0 0 0 0 0 0 0 0 0 0 0 0 0 0 0 0 0 10 -999 4 4 24 111 23 4 0 0 30 1 ]{157: STI}
[ 1 1 2 6 0 0 0 0 0 0 0 0 0 0 0 0 0 0 0 0 0 10 -999 4 4 24 111 23 4 0 1 1 ]{158: INCSP -1}
[ 1 1 2 6 0 0 0 0 0 0 0 0 0 0 0 0 0 0 0 0 0 10 -999 4 4 24 111 23 4 0 1 ]{160: INCSP 0}
[ 1 1 2 6 0 0 0 0 0 0 0 0 0 0 0 0 0 0 0 0 0 10 -999 4 4 24 111 23 4 0 1 ]{162: GETBP}
[ 1 1 2 6 0 0 0 0 0 0 0 0 0 0 0 0 0 0 0 0 0 10 -999 4 4 24 111 23 4 0 1 28 ]{163: CSTI 2}
[ 1 1 2 6 0 0 0 0 0 0 0 0 0 0 0 0 0 0 0 0 0 10 -999 4 4 24 111 23 4 0 1 28 2 ]{165: ADD}
[ 1 1 2 6 0 0 0 0 0 0 0 0 0 0 0 0 0 0 0 0 0 10 -999 4 4 24 111 23 4 0 1 30 ]{166: LDI}
[ 1 1 2 6 0 0 0 0 0 0 0 0 0 0 0 0 0 0 0 0 0 10 -999 4 4 24 111 23 4 0 1 1 ]{167: GETBP}
[ 1 1 2 6 0 0 0 0 0 0 0 0 0 0 0 0 0 0 0 0 0 10 -999 4 4 24 111 23 4 0 1 1 28 ]{168: CSTI 0}
[ 1 1 2 6 0 0 0 0 0 0 0 0 0 0 0 0 0 0 0 0 0 10 -999 4 4 24 111 23 4 0 1 1 28 0 ]{170: ADD}
[ 1 1 2 6 0 0 0 0 0 0 0 0 0 0 0 0 0 0 0 0 0 10 -999 4 4 24 111 23 4 0 1 1 28 ]{171: LDI}
[ 1 1 2 6 0 0 0 0 0 0 0 0 0 0 0 0 0 0 0 0 0 10 -999 4 4 24 111 23 4 0 1 1 4 ]{172: LT}
[ 1 1 2 6 0 0 0 0 0 0 0 0 0 0 0 0 0 0 0 0 0 10 -999 4 4 24 111 23 4 0 1 1 ]{173: IFNZRO 130}
[ 1 1 2 6 0 0 0 0 0 0 0 0 0 0 0 0 0 0 0 0 0 10 -999 4 4 24 111 23 4 0 1 ]{130: GETBP}
[ 1 1 2 6 0 0 0 0 0 0 0 0 0 0 0 0 0 0 0 0 0 10 -999 4 4 24 111 23 4 0 1 28 ]{131: CSTI 1}
[ 1 1 2 6 0 0 0 0 0 0 0 0 0 0 0 0 0 0 0 0 0 10 -999 4 4 24 111 23 4 0 1 28 1 ]{133: ADD}
[ 1 1 2 6 0 0 0 0 0 0 0 0 0 0 0 0 0 0 0 0 0 10 -999 4 4 24 111 23 4 0 1 29 ]{134: LDI}
[ 1 1 2 6 0 0 0 0 0 0 0 0 0 0 0 0 0 0 0 0 0 10 -999 4 4 24 111 23 4 0 1 0 ]{135: GETBP}
[ 1 1 2 6 0 0 0 0 0 0 0 0 0 0 0 0 0 0 0 0 0 10 -999 4 4 24 111 23 4 0 1 0 28 ]{136: CSTI 2}
[ 1 1 2 6 0 0 0 0 0 0 0 0 0 0 0 0 0 0 0 0 0 10 -999 4 4 24 111 23 4 0 1 0 28 2 ]{138: ADD}
[ 1 1 2 6 0 0 0 0 0 0 0 0 0 0 0 0 0 0 0 0 0 10 -999 4 4 24 111 23 4 0 1 0 30 ]{139: LDI}
[ 1 1 2 6 0 0 0 0 0 0 0 0 0 0 0 0 0 0 0 0 0 10 -999 4 4 24 111 23 4 0 1 0 1 ]{140: ADD}
[ 1 1 2 6 0 0 0 0 0 0 0 0 0 0 0 0 0 0 0 0 0 10 -999 4 4 24 111 23 4 0 1 1 ]{141: LDI}
[ 1 1 2 6 0 0 0 0 0 0 0 0 0 0 0 0 0 0 0 0 0 10 -999 4 4 24 111 23 4 0 1 1 ]{142: PRINTI}
1 [ 1 1 2 6 0 0 0 0 0 0 0 0 0 0 0 0 0 0 0 0 0 10 -999 4 4 24 111 23 4 0 1 1 ]{143: INCSP -1}
[ 1 1 2 6 0 0 0 0 0 0 0 0 0 0 0 0 0 0 0 0 0 10 -999 4 4 24 111 23 4 0 1 ]{145: GETBP}
[ 1 1 2 6 0 0 0 0 0 0 0 0 0 0 0 0 0 0 0 0 0 10 -999 4 4 24 111 23 4 0 1 28 ]{146: CSTI 2}
[ 1 1 2 6 0 0 0 0 0 0 0 0 0 0 0 0 0 0 0 0 0 10 -999 4 4 24 111 23 4 0 1 28 2 ]{148: ADD}
[ 1 1 2 6 0 0 0 0 0 0 0 0 0 0 0 0 0 0 0 0 0 10 -999 4 4 24 111 23 4 0 1 30 ]{149: GETBP}
[ 1 1 2 6 0 0 0 0 0 0 0 0 0 0 0 0 0 0 0 0 0 10 -999 4 4 24 111 23 4 0 1 30 28 ]{150: CSTI 2}
[ 1 1 2 6 0 0 0 0 0 0 0 0 0 0 0 0 0 0 0 0 0 10 -999 4 4 24 111 23 4 0 1 30 28 2 ]{152: ADD}
[ 1 1 2 6 0 0 0 0 0 0 0 0 0 0 0 0 0 0 0 0 0 10 -999 4 4 24 111 23 4 0 1 30 30 ]{153: LDI}
[ 1 1 2 6 0 0 0 0 0 0 0 0 0 0 0 0 0 0 0 0 0 10 -999 4 4 24 111 23 4 0 1 30 1 ]{154: CSTI 1}
[ 1 1 2 6 0 0 0 0 0 0 0 0 0 0 0 0 0 0 0 0 0 10 -999 4 4 24 111 23 4 0 1 30 1 1 ]{156: ADD}
[ 1 1 2 6 0 0 0 0 0 0 0 0 0 0 0 0 0 0 0 0 0 10 -999 4 4 24 111 23 4 0 1 30 2 ]{157: STI}
[ 1 1 2 6 0 0 0 0 0 0 0 0 0 0 0 0 0 0 0 0 0 10 -999 4 4 24 111 23 4 0 2 2 ]{158: INCSP -1}
[ 1 1 2 6 0 0 0 0 0 0 0 0 0 0 0 0 0 0 0 0 0 10 -999 4 4 24 111 23 4 0 2 ]{160: INCSP 0}
[ 1 1 2 6 0 0 0 0 0 0 0 0 0 0 0 0 0 0 0 0 0 10 -999 4 4 24 111 23 4 0 2 ]{162: GETBP}
[ 1 1 2 6 0 0 0 0 0 0 0 0 0 0 0 0 0 0 0 0 0 10 -999 4 4 24 111 23 4 0 2 28 ]{163: CSTI 2}
[ 1 1 2 6 0 0 0 0 0 0 0 0 0 0 0 0 0 0 0 0 0 10 -999 4 4 24 111 23 4 0 2 28 2 ]{165: ADD}
[ 1 1 2 6 0 0 0 0 0 0 0 0 0 0 0 0 0 0 0 0 0 10 -999 4 4 24 111 23 4 0 2 30 ]{166: LDI}
[ 1 1 2 6 0 0 0 0 0 0 0 0 0 0 0 0 0 0 0 0 0 10 -999 4 4 24 111 23 4 0 2 2 ]{167: GETBP}
[ 1 1 2 6 0 0 0 0 0 0 0 0 0 0 0 0 0 0 0 0 0 10 -999 4 4 24 111 23 4 0 2 2 28 ]{168: CSTI 0}
[ 1 1 2 6 0 0 0 0 0 0 0 0 0 0 0 0 0 0 0 0 0 10 -999 4 4 24 111 23 4 0 2 2 28 0 ]{170: ADD}
[ 1 1 2 6 0 0 0 0 0 0 0 0 0 0 0 0 0 0 0 0 0 10 -999 4 4 24 111 23 4 0 2 2 28 ]{171: LDI}
[ 1 1 2 6 0 0 0 0 0 0 0 0 0 0 0 0 0 0 0 0 0 10 -999 4 4 24 111 23 4 0 2 2 4 ]{172: LT}
[ 1 1 2 6 0 0 0 0 0 0 0 0 0 0 0 0 0 0 0 0 0 10 -999 4 4 24 111 23 4 0 2 1 ]{173: IFNZRO 130}
[ 1 1 2 6 0 0 0 0 0 0 0 0 0 0 0 0 0 0 0 0 0 10 -999 4 4 24 111 23 4 0 2 ]{130: GETBP}
[ 1 1 2 6 0 0 0 0 0 0 0 0 0 0 0 0 0 0 0 0 0 10 -999 4 4 24 111 23 4 0 2 28 ]{131: CSTI 1}
[ 1 1 2 6 0 0 0 0 0 0 0 0 0 0 0 0 0 0 0 0 0 10 -999 4 4 24 111 23 4 0 2 28 1 ]{133: ADD}
[ 1 1 2 6 0 0 0 0 0 0 0 0 0 0 0 0 0 0 0 0 0 10 -999 4 4 24 111 23 4 0 2 29 ]{134: LDI}
[ 1 1 2 6 0 0 0 0 0 0 0 0 0 0 0 0 0 0 0 0 0 10 -999 4 4 24 111 23 4 0 2 0 ]{135: GETBP}
[ 1 1 2 6 0 0 0 0 0 0 0 0 0 0 0 0 0 0 0 0 0 10 -999 4 4 24 111 23 4 0 2 0 28 ]{136: CSTI 2}
[ 1 1 2 6 0 0 0 0 0 0 0 0 0 0 0 0 0 0 0 0 0 10 -999 4 4 24 111 23 4 0 2 0 28 2 ]{138: ADD}
[ 1 1 2 6 0 0 0 0 0 0 0 0 0 0 0 0 0 0 0 0 0 10 -999 4 4 24 111 23 4 0 2 0 30 ]{139: LDI}
[ 1 1 2 6 0 0 0 0 0 0 0 0 0 0 0 0 0 0 0 0 0 10 -999 4 4 24 111 23 4 0 2 0 2 ]{140: ADD}
[ 1 1 2 6 0 0 0 0 0 0 0 0 0 0 0 0 0 0 0 0 0 10 -999 4 4 24 111 23 4 0 2 2 ]{141: LDI}
[ 1 1 2 6 0 0 0 0 0 0 0 0 0 0 0 0 0 0 0 0 0 10 -999 4 4 24 111 23 4 0 2 2 ]{142: PRINTI}
2 [ 1 1 2 6 0 0 0 0 0 0 0 0 0 0 0 0 0 0 0 0 0 10 -999 4 4 24 111 23 4 0 2 2 ]{143: INCSP -1}
[ 1 1 2 6 0 0 0 0 0 0 0 0 0 0 0 0 0 0 0 0 0 10 -999 4 4 24 111 23 4 0 2 ]{145: GETBP}
[ 1 1 2 6 0 0 0 0 0 0 0 0 0 0 0 0 0 0 0 0 0 10 -999 4 4 24 111 23 4 0 2 28 ]{146: CSTI 2}
[ 1 1 2 6 0 0 0 0 0 0 0 0 0 0 0 0 0 0 0 0 0 10 -999 4 4 24 111 23 4 0 2 28 2 ]{148: ADD}
[ 1 1 2 6 0 0 0 0 0 0 0 0 0 0 0 0 0 0 0 0 0 10 -999 4 4 24 111 23 4 0 2 30 ]{149: GETBP}
[ 1 1 2 6 0 0 0 0 0 0 0 0 0 0 0 0 0 0 0 0 0 10 -999 4 4 24 111 23 4 0 2 30 28 ]{150: CSTI 2}
[ 1 1 2 6 0 0 0 0 0 0 0 0 0 0 0 0 0 0 0 0 0 10 -999 4 4 24 111 23 4 0 2 30 28 2 ]{152: ADD}
[ 1 1 2 6 0 0 0 0 0 0 0 0 0 0 0 0 0 0 0 0 0 10 -999 4 4 24 111 23 4 0 2 30 30 ]{153: LDI}
[ 1 1 2 6 0 0 0 0 0 0 0 0 0 0 0 0 0 0 0 0 0 10 -999 4 4 24 111 23 4 0 2 30 2 ]{154: CSTI 1}
[ 1 1 2 6 0 0 0 0 0 0 0 0 0 0 0 0 0 0 0 0 0 10 -999 4 4 24 111 23 4 0 2 30 2 1 ]{156: ADD}
[ 1 1 2 6 0 0 0 0 0 0 0 0 0 0 0 0 0 0 0 0 0 10 -999 4 4 24 111 23 4 0 2 30 3 ]{157: STI}
[ 1 1 2 6 0 0 0 0 0 0 0 0 0 0 0 0 0 0 0 0 0 10 -999 4 4 24 111 23 4 0 3 3 ]{158: INCSP -1}
[ 1 1 2 6 0 0 0 0 0 0 0 0 0 0 0 0 0 0 0 0 0 10 -999 4 4 24 111 23 4 0 3 ]{160: INCSP 0}
[ 1 1 2 6 0 0 0 0 0 0 0 0 0 0 0 0 0 0 0 0 0 10 -999 4 4 24 111 23 4 0 3 ]{162: GETBP}
[ 1 1 2 6 0 0 0 0 0 0 0 0 0 0 0 0 0 0 0 0 0 10 -999 4 4 24 111 23 4 0 3 28 ]{163: CSTI 2}
[ 1 1 2 6 0 0 0 0 0 0 0 0 0 0 0 0 0 0 0 0 0 10 -999 4 4 24 111 23 4 0 3 28 2 ]{165: ADD}
[ 1 1 2 6 0 0 0 0 0 0 0 0 0 0 0 0 0 0 0 0 0 10 -999 4 4 24 111 23 4 0 3 30 ]{166: LDI}
[ 1 1 2 6 0 0 0 0 0 0 0 0 0 0 0 0 0 0 0 0 0 10 -999 4 4 24 111 23 4 0 3 3 ]{167: GETBP}
[ 1 1 2 6 0 0 0 0 0 0 0 0 0 0 0 0 0 0 0 0 0 10 -999 4 4 24 111 23 4 0 3 3 28 ]{168: CSTI 0}
[ 1 1 2 6 0 0 0 0 0 0 0 0 0 0 0 0 0 0 0 0 0 10 -999 4 4 24 111 23 4 0 3 3 28 0 ]{170: ADD}
[ 1 1 2 6 0 0 0 0 0 0 0 0 0 0 0 0 0 0 0 0 0 10 -999 4 4 24 111 23 4 0 3 3 28 ]{171: LDI}
[ 1 1 2 6 0 0 0 0 0 0 0 0 0 0 0 0 0 0 0 0 0 10 -999 4 4 24 111 23 4 0 3 3 4 ]{172: LT}
[ 1 1 2 6 0 0 0 0 0 0 0 0 0 0 0 0 0 0 0 0 0 10 -999 4 4 24 111 23 4 0 3 1 ]{173: IFNZRO 130}
[ 1 1 2 6 0 0 0 0 0 0 0 0 0 0 0 0 0 0 0 0 0 10 -999 4 4 24 111 23 4 0 3 ]{130: GETBP}
[ 1 1 2 6 0 0 0 0 0 0 0 0 0 0 0 0 0 0 0 0 0 10 -999 4 4 24 111 23 4 0 3 28 ]{131: CSTI 1}
[ 1 1 2 6 0 0 0 0 0 0 0 0 0 0 0 0 0 0 0 0 0 10 -999 4 4 24 111 23 4 0 3 28 1 ]{133: ADD}
[ 1 1 2 6 0 0 0 0 0 0 0 0 0 0 0 0 0 0 0 0 0 10 -999 4 4 24 111 23 4 0 3 29 ]{134: LDI}
[ 1 1 2 6 0 0 0 0 0 0 0 0 0 0 0 0 0 0 0 0 0 10 -999 4 4 24 111 23 4 0 3 0 ]{135: GETBP}
[ 1 1 2 6 0 0 0 0 0 0 0 0 0 0 0 0 0 0 0 0 0 10 -999 4 4 24 111 23 4 0 3 0 28 ]{136: CSTI 2}
[ 1 1 2 6 0 0 0 0 0 0 0 0 0 0 0 0 0 0 0 0 0 10 -999 4 4 24 111 23 4 0 3 0 28 2 ]{138: ADD}
[ 1 1 2 6 0 0 0 0 0 0 0 0 0 0 0 0 0 0 0 0 0 10 -999 4 4 24 111 23 4 0 3 0 30 ]{139: LDI}
[ 1 1 2 6 0 0 0 0 0 0 0 0 0 0 0 0 0 0 0 0 0 10 -999 4 4 24 111 23 4 0 3 0 3 ]{140: ADD}
[ 1 1 2 6 0 0 0 0 0 0 0 0 0 0 0 0 0 0 0 0 0 10 -999 4 4 24 111 23 4 0 3 3 ]{141: LDI}
[ 1 1 2 6 0 0 0 0 0 0 0 0 0 0 0 0 0 0 0 0 0 10 -999 4 4 24 111 23 4 0 3 6 ]{142: PRINTI}
6 [ 1 1 2 6 0 0 0 0 0 0 0 0 0 0 0 0 0 0 0 0 0 10 -999 4 4 24 111 23 4 0 3 6 ]{143: INCSP -1}
[ 1 1 2 6 0 0 0 0 0 0 0 0 0 0 0 0 0 0 0 0 0 10 -999 4 4 24 111 23 4 0 3 ]{145: GETBP}
[ 1 1 2 6 0 0 0 0 0 0 0 0 0 0 0 0 0 0 0 0 0 10 -999 4 4 24 111 23 4 0 3 28 ]{146: CSTI 2}
[ 1 1 2 6 0 0 0 0 0 0 0 0 0 0 0 0 0 0 0 0 0 10 -999 4 4 24 111 23 4 0 3 28 2 ]{148: ADD}
[ 1 1 2 6 0 0 0 0 0 0 0 0 0 0 0 0 0 0 0 0 0 10 -999 4 4 24 111 23 4 0 3 30 ]{149: GETBP}
[ 1 1 2 6 0 0 0 0 0 0 0 0 0 0 0 0 0 0 0 0 0 10 -999 4 4 24 111 23 4 0 3 30 28 ]{150: CSTI 2}
[ 1 1 2 6 0 0 0 0 0 0 0 0 0 0 0 0 0 0 0 0 0 10 -999 4 4 24 111 23 4 0 3 30 28 2 ]{152: ADD}
[ 1 1 2 6 0 0 0 0 0 0 0 0 0 0 0 0 0 0 0 0 0 10 -999 4 4 24 111 23 4 0 3 30 30 ]{153: LDI}
[ 1 1 2 6 0 0 0 0 0 0 0 0 0 0 0 0 0 0 0 0 0 10 -999 4 4 24 111 23 4 0 3 30 3 ]{154: CSTI 1}
[ 1 1 2 6 0 0 0 0 0 0 0 0 0 0 0 0 0 0 0 0 0 10 -999 4 4 24 111 23 4 0 3 30 3 1 ]{156: ADD}
[ 1 1 2 6 0 0 0 0 0 0 0 0 0 0 0 0 0 0 0 0 0 10 -999 4 4 24 111 23 4 0 3 30 4 ]{157: STI}
[ 1 1 2 6 0 0 0 0 0 0 0 0 0 0 0 0 0 0 0 0 0 10 -999 4 4 24 111 23 4 0 4 4 ]{158: INCSP -1}
[ 1 1 2 6 0 0 0 0 0 0 0 0 0 0 0 0 0 0 0 0 0 10 -999 4 4 24 111 23 4 0 4 ]{160: INCSP 0}
[ 1 1 2 6 0 0 0 0 0 0 0 0 0 0 0 0 0 0 0 0 0 10 -999 4 4 24 111 23 4 0 4 ]{162: GETBP}
[ 1 1 2 6 0 0 0 0 0 0 0 0 0 0 0 0 0 0 0 0 0 10 -999 4 4 24 111 23 4 0 4 28 ]{163: CSTI 2}
[ 1 1 2 6 0 0 0 0 0 0 0 0 0 0 0 0 0 0 0 0 0 10 -999 4 4 24 111 23 4 0 4 28 2 ]{165: ADD}
[ 1 1 2 6 0 0 0 0 0 0 0 0 0 0 0 0 0 0 0 0 0 10 -999 4 4 24 111 23 4 0 4 30 ]{166: LDI}
[ 1 1 2 6 0 0 0 0 0 0 0 0 0 0 0 0 0 0 0 0 0 10 -999 4 4 24 111 23 4 0 4 4 ]{167: GETBP}
[ 1 1 2 6 0 0 0 0 0 0 0 0 0 0 0 0 0 0 0 0 0 10 -999 4 4 24 111 23 4 0 4 4 28 ]{168: CSTI 0}
[ 1 1 2 6 0 0 0 0 0 0 0 0 0 0 0 0 0 0 0 0 0 10 -999 4 4 24 111 23 4 0 4 4 28 0 ]{170: ADD}
[ 1 1 2 6 0 0 0 0 0 0 0 0 0 0 0 0 0 0 0 0 0 10 -999 4 4 24 111 23 4 0 4 4 28 ]{171: LDI}
[ 1 1 2 6 0 0 0 0 0 0 0 0 0 0 0 0 0 0 0 0 0 10 -999 4 4 24 111 23 4 0 4 4 4 ]{172: LT}
[ 1 1 2 6 0 0 0 0 0 0 0 0 0 0 0 0 0 0 0 0 0 10 -999 4 4 24 111 23 4 0 4 0 ]{173: IFNZRO 130}
[ 1 1 2 6 0 0 0 0 0 0 0 0 0 0 0 0 0 0 0 0 0 10 -999 4 4 24 111 23 4 0 4 ]{175: INCSP -1}
[ 1 1 2 6 0 0 0 0 0 0 0 0 0 0 0 0 0 0 0 0 0 10 -999 4 4 24 111 23 4 0 ]{177: RET 1}
[ 1 1 2 6 0 0 0 0 0 0 0 0 0 0 0 0 0 0 0 0 0 10 -999 4 4 24 0 ]{111: INCSP -1}
[ 1 1 2 6 0 0 0 0 0 0 0 0 0 0 0 0 0 0 0 0 0 10 -999 4 4 24 ]{113: INCSP -2}
[ 1 1 2 6 0 0 0 0 0 0 0 0 0 0 0 0 0 0 0 0 0 10 -999 4 ]{115: RET 0}
[ 1 1 2 6 0 0 0 0 0 0 0 0 0 0 0 0 0 0 0 0 0 4 ]{10: STOP}
