[ ]{0: LDARGS}
[ 4 ]{1: CALL 1 5}
[ 4 -999 4 ]{5: INCSP 1}
[ 4 -999 4 0 ]{7: GETBP}
[ 4 -999 4 0 2 ]{8: CSTI 0}
[ 4 -999 4 0 2 0 ]{10: ADD}
[ 4 -999 4 0 2 ]{11: LDI}
[ 4 -999 4 0 4 ]{12: GETBP}
[ 4 -999 4 0 4 2 ]{13: CSTI 1}
[ 4 -999 4 0 4 2 1 ]{15: ADD}
[ 4 -999 4 0 4 3 ]{16: CALL 2 33}
[ 4 -999 4 0 19 2 4 3 ]{33: GETBP}
[ 4 -999 4 0 19 2 4 3 6 ]{34: CSTI 0}
[ 4 -999 4 0 19 2 4 3 6 0 ]{36: ADD}
[ 4 -999 4 0 19 2 4 3 6 ]{37: LDI}
[ 4 -999 4 0 19 2 4 3 4 ]{38: CSTI 0}
[ 4 -999 4 0 19 2 4 3 4 0 ]{40: EQ}
[ 4 -999 4 0 19 2 4 3 0 ]{41: IFZERO 55}
[ 4 -999 4 0 19 2 4 3 ]{55: INCSP 1}
[ 4 -999 4 0 19 2 4 3 0 ]{57: GETBP}
[ 4 -999 4 0 19 2 4 3 0 6 ]{58: CSTI 0}
[ 4 -999 4 0 19 2 4 3 0 6 0 ]{60: ADD}
[ 4 -999 4 0 19 2 4 3 0 6 ]{61: LDI}
[ 4 -999 4 0 19 2 4 3 0 4 ]{62: CSTI 1}
[ 4 -999 4 0 19 2 4 3 0 4 1 ]{64: SUB}
[ 4 -999 4 0 19 2 4 3 0 3 ]{65: GETBP}
[ 4 -999 4 0 19 2 4 3 0 3 6 ]{66: CSTI 2}
[ 4 -999 4 0 19 2 4 3 0 3 6 2 ]{68: ADD}
[ 4 -999 4 0 19 2 4 3 0 3 8 ]{69: CALL 2 33}
[ 4 -999 4 0 19 2 4 3 0 72 6 3 8 ]{33: GETBP}
[ 4 -999 4 0 19 2 4 3 0 72 6 3 8 11 ]{34: CSTI 0}
[ 4 -999 4 0 19 2 4 3 0 72 6 3 8 11 0 ]{36: ADD}
[ 4 -999 4 0 19 2 4 3 0 72 6 3 8 11 ]{37: LDI}
[ 4 -999 4 0 19 2 4 3 0 72 6 3 8 3 ]{38: CSTI 0}
[ 4 -999 4 0 19 2 4 3 0 72 6 3 8 3 0 ]{40: EQ}
[ 4 -999 4 0 19 2 4 3 0 72 6 3 8 0 ]{41: IFZERO 55}
[ 4 -999 4 0 19 2 4 3 0 72 6 3 8 ]{55: INCSP 1}
[ 4 -999 4 0 19 2 4 3 0 72 6 3 8 0 ]{57: GETBP}
[ 4 -999 4 0 19 2 4 3 0 72 6 3 8 0 11 ]{58: CSTI 0}
[ 4 -999 4 0 19 2 4 3 0 72 6 3 8 0 11 0 ]{60: ADD}
[ 4 -999 4 0 19 2 4 3 0 72 6 3 8 0 11 ]{61: LDI}
[ 4 -999 4 0 19 2 4 3 0 72 6 3 8 0 3 ]{62: CSTI 1}
[ 4 -999 4 0 19 2 4 3 0 72 6 3 8 0 3 1 ]{64: SUB}
[ 4 -999 4 0 19 2 4 3 0 72 6 3 8 0 2 ]{65: GETBP}
[ 4 -999 4 0 19 2 4 3 0 72 6 3 8 0 2 11 ]{66: CSTI 2}
[ 4 -999 4 0 19 2 4 3 0 72 6 3 8 0 2 11 2 ]{68: ADD}
[ 4 -999 4 0 19 2 4 3 0 72 6 3 8 0 2 13 ]{69: CALL 2 33}
[ 4 -999 4 0 19 2 4 3 0 72 6 3 8 0 72 11 2 13 ]{33: GETBP}
[ 4 -999 4 0 19 2 4 3 0 72 6 3 8 0 72 11 2 13 16 ]{34: CSTI 0}
[ 4 -999 4 0 19 2 4 3 0 72 6 3 8 0 72 11 2 13 16 0 ]{36: ADD}
[ 4 -999 4 0 19 2 4 3 0 72 6 3 8 0 72 11 2 13 16 ]{37: LDI}
[ 4 -999 4 0 19 2 4 3 0 72 6 3 8 0 72 11 2 13 2 ]{38: CSTI 0}
[ 4 -999 4 0 19 2 4 3 0 72 6 3 8 0 72 11 2 13 2 0 ]{40: EQ}
[ 4 -999 4 0 19 2 4 3 0 72 6 3 8 0 72 11 2 13 0 ]{41: IFZERO 55}
[ 4 -999 4 0 19 2 4 3 0 72 6 3 8 0 72 11 2 13 ]{55: INCSP 1}
[ 4 -999 4 0 19 2 4 3 0 72 6 3 8 0 72 11 2 13 0 ]{57: GETBP}
[ 4 -999 4 0 19 2 4 3 0 72 6 3 8 0 72 11 2 13 0 16 ]{58: CSTI 0}
[ 4 -999 4 0 19 2 4 3 0 72 6 3 8 0 72 11 2 13 0 16 0 ]{60: ADD}
[ 4 -999 4 0 19 2 4 3 0 72 6 3 8 0 72 11 2 13 0 16 ]{61: LDI}
[ 4 -999 4 0 19 2 4 3 0 72 6 3 8 0 72 11 2 13 0 2 ]{62: CSTI 1}
[ 4 -999 4 0 19 2 4 3 0 72 6 3 8 0 72 11 2 13 0 2 1 ]{64: SUB}
[ 4 -999 4 0 19 2 4 3 0 72 6 3 8 0 72 11 2 13 0 1 ]{65: GETBP}
[ 4 -999 4 0 19 2 4 3 0 72 6 3 8 0 72 11 2 13 0 1 16 ]{66: CSTI 2}
[ 4 -999 4 0 19 2 4 3 0 72 6 3 8 0 72 11 2 13 0 1 16 2 ]{68: ADD}
[ 4 -999 4 0 19 2 4 3 0 72 6 3 8 0 72 11 2 13 0 1 18 ]{69: CALL 2 33}
[ 4 -999 4 0 19 2 4 3 0 72 6 3 8 0 72 11 2 13 0 72 16 1 18 ]{33: GETBP}
[ 4 -999 4 0 19 2 4 3 0 72 6 3 8 0 72 11 2 13 0 72 16 1 18 21 ]{34: CSTI 0}
[ 4 -999 4 0 19 2 4 3 0 72 6 3 8 0 72 11 2 13 0 72 16 1 18 21 0 ]{36: ADD}
[ 4 -999 4 0 19 2 4 3 0 72 6 3 8 0 72 11 2 13 0 72 16 1 18 21 ]{37: LDI}
[ 4 -999 4 0 19 2 4 3 0 72 6 3 8 0 72 11 2 13 0 72 16 1 18 1 ]{38: CSTI 0}
[ 4 -999 4 0 19 2 4 3 0 72 6 3 8 0 72 11 2 13 0 72 16 1 18 1 0 ]{40: EQ}
[ 4 -999 4 0 19 2 4 3 0 72 6 3 8 0 72 11 2 13 0 72 16 1 18 0 ]{41: IFZERO 55}
[ 4 -999 4 0 19 2 4 3 0 72 6 3 8 0 72 11 2 13 0 72 16 1 18 ]{55: INCSP 1}
[ 4 -999 4 0 19 2 4 3 0 72 6 3 8 0 72 11 2 13 0 72 16 1 18 0 ]{57: GETBP}
[ 4 -999 4 0 19 2 4 3 0 72 6 3 8 0 72 11 2 13 0 72 16 1 18 0 21 ]{58: CSTI 0}
[ 4 -999 4 0 19 2 4 3 0 72 6 3 8 0 72 11 2 13 0 72 16 1 18 0 21 0 ]{60: ADD}
[ 4 -999 4 0 19 2 4 3 0 72 6 3 8 0 72 11 2 13 0 72 16 1 18 0 21 ]{61: LDI}
[ 4 -999 4 0 19 2 4 3 0 72 6 3 8 0 72 11 2 13 0 72 16 1 18 0 1 ]{62: CSTI 1}
[ 4 -999 4 0 19 2 4 3 0 72 6 3 8 0 72 11 2 13 0 72 16 1 18 0 1 1 ]{64: SUB}
[ 4 -999 4 0 19 2 4 3 0 72 6 3 8 0 72 11 2 13 0 72 16 1 18 0 0 ]{65: GETBP}
[ 4 -999 4 0 19 2 4 3 0 72 6 3 8 0 72 11 2 13 0 72 16 1 18 0 0 21 ]{66: CSTI 2}
[ 4 -999 4 0 19 2 4 3 0 72 6 3 8 0 72 11 2 13 0 72 16 1 18 0 0 21 2 ]{68: ADD}
[ 4 -999 4 0 19 2 4 3 0 72 6 3 8 0 72 11 2 13 0 72 16 1 18 0 0 23 ]{69: CALL 2 33}
[ 4 -999 4 0 19 2 4 3 0 72 6 3 8 0 72 11 2 13 0 72 16 1 18 0 72 21 0 23 ]{33: GETBP}
[ 4 -999 4 0 19 2 4 3 0 72 6 3 8 0 72 11 2 13 0 72 16 1 18 0 72 21 0 23 26 ]{34: CSTI 0}
[ 4 -999 4 0 19 2 4 3 0 72 6 3 8 0 72 11 2 13 0 72 16 1 18 0 72 21 0 23 26 0 ]{36: ADD}
[ 4 -999 4 0 19 2 4 3 0 72 6 3 8 0 72 11 2 13 0 72 16 1 18 0 72 21 0 23 26 ]{37: LDI}
[ 4 -999 4 0 19 2 4 3 0 72 6 3 8 0 72 11 2 13 0 72 16 1 18 0 72 21 0 23 0 ]{38: CSTI 0}
[ 4 -999 4 0 19 2 4 3 0 72 6 3 8 0 72 11 2 13 0 72 16 1 18 0 72 21 0 23 0 0 ]{40: EQ}
[ 4 -999 4 0 19 2 4 3 0 72 6 3 8 0 72 11 2 13 0 72 16 1 18 0 72 21 0 23 1 ]{41: IFZERO 55}
[ 4 -999 4 0 19 2 4 3 0 72 6 3 8 0 72 11 2 13 0 72 16 1 18 0 72 21 0 23 ]{43: GETBP}
[ 4 -999 4 0 19 2 4 3 0 72 6 3 8 0 72 11 2 13 0 72 16 1 18 0 72 21 0 23 26 ]{44: CSTI 1}
[ 4 -999 4 0 19 2 4 3 0 72 6 3 8 0 72 11 2 13 0 72 16 1 18 0 72 21 0 23 26 1 ]{46: ADD}
[ 4 -999 4 0 19 2 4 3 0 72 6 3 8 0 72 11 2 13 0 72 16 1 18 0 72 21 0 23 27 ]{47: LDI}
[ 4 -999 4 0 19 2 4 3 0 72 6 3 8 0 72 11 2 13 0 72 16 1 18 0 72 21 0 23 23 ]{48: CSTI 1}
[ 4 -999 4 0 19 2 4 3 0 72 6 3 8 0 72 11 2 13 0 72 16 1 18 0 72 21 0 23 23 1 ]{50: STI}
[ 4 -999 4 0 19 2 4 3 0 72 6 3 8 0 72 11 2 13 0 72 16 1 18 1 72 21 0 23 1 ]{51: INCSP -1}
[ 4 -999 4 0 19 2 4 3 0 72 6 3 8 0 72 11 2 13 0 72 16 1 18 1 72 21 0 23 ]{53: GOTO 95}
[ 4 -999 4 0 19 2 4 3 0 72 6 3 8 0 72 11 2 13 0 72 16 1 18 1 72 21 0 23 ]{95: INCSP 0}
[ 4 -999 4 0 19 2 4 3 0 72 6 3 8 0 72 11 2 13 0 72 16 1 18 1 72 21 0 23 ]{97: RET 1}
[ 4 -999 4 0 19 2 4 3 0 72 6 3 8 0 72 11 2 13 0 72 16 1 18 1 23 ]{72: INCSP -1}
[ 4 -999 4 0 19 2 4 3 0 72 6 3 8 0 72 11 2 13 0 72 16 1 18 1 ]{74: GETBP}
[ 4 -999 4 0 19 2 4 3 0 72 6 3 8 0 72 11 2 13 0 72 16 1 18 1 21 ]{75: CSTI 1}
[ 4 -999 4 0 19 2 4 3 0 72 6 3 8 0 72 11 2 13 0 72 16 1 18 1 21 1 ]{77: ADD}
[ 4 -999 4 0 19 2 4 3 0 72 6 3 8 0 72 11 2 13 0 72 16 1 18 1 22 ]{78: LDI}
[ 4 -999 4 0 19 2 4 3 0 72 6 3 8 0 72 11 2 13 0 72 16 1 18 1 18 ]{79: GETBP}
[ 4 -999 4 0 19 2 4 3 0 72 6 3 8 0 72 11 2 13 0 72 16 1 18 1 18 21 ]{80: CSTI 2}
[ 4 -999 4 0 19 2 4 3 0 72 6 3 8 0 72 11 2 13 0 72 16 1 18 1 18 21 2 ]{82: ADD}
[ 4 -999 4 0 19 2 4 3 0 72 6 3 8 0 72 11 2 13 0 72 16 1 18 1 18 23 ]{83: LDI}
[ 4 -999 4 0 19 2 4 3 0 72 6 3 8 0 72 11 2 13 0 72 16 1 18 1 18 1 ]{84: GETBP}
[ 4 -999 4 0 19 2 4 3 0 72 6 3 8 0 72 11 2 13 0 72 16 1 18 1 18 1 21 ]{85: CSTI 0}
[ 4 -999 4 0 19 2 4 3 0 72 6 3 8 0 72 11 2 13 0 72 16 1 18 1 18 1 21 0 ]{87: ADD}
[ 4 -999 4 0 19 2 4 3 0 72 6 3 8 0 72 11 2 13 0 72 16 1 18 1 18 1 21 ]{88: LDI}
[ 4 -999 4 0 19 2 4 3 0 72 6 3 8 0 72 11 2 13 0 72 16 1 18 1 18 1 1 ]{89: MUL}
[ 4 -999 4 0 19 2 4 3 0 72 6 3 8 0 72 11 2 13 0 72 16 1 18 1 18 1 ]{90: STI}
[ 4 -999 4 0 19 2 4 3 0 72 6 3 8 0 72 11 2 13 1 72 16 1 18 1 1 ]{91: INCSP -1}
[ 4 -999 4 0 19 2 4 3 0 72 6 3 8 0 72 11 2 13 1 72 16 1 18 1 ]{93: INCSP -1}
[ 4 -999 4 0 19 2 4 3 0 72 6 3 8 0 72 11 2 13 1 72 16 1 18 ]{95: INCSP 0}
[ 4 -999 4 0 19 2 4 3 0 72 6 3 8 0 72 11 2 13 1 72 16 1 18 ]{97: RET 1}
[ 4 -999 4 0 19 2 4 3 0 72 6 3 8 0 72 11 2 13 1 18 ]{72: INCSP -1}
[ 4 -999 4 0 19 2 4 3 0 72 6 3 8 0 72 11 2 13 1 ]{74: GETBP}
[ 4 -999 4 0 19 2 4 3 0 72 6 3 8 0 72 11 2 13 1 16 ]{75: CSTI 1}
[ 4 -999 4 0 19 2 4 3 0 72 6 3 8 0 72 11 2 13 1 16 1 ]{77: ADD}
[ 4 -999 4 0 19 2 4 3 0 72 6 3 8 0 72 11 2 13 1 17 ]{78: LDI}
[ 4 -999 4 0 19 2 4 3 0 72 6 3 8 0 72 11 2 13 1 13 ]{79: GETBP}
[ 4 -999 4 0 19 2 4 3 0 72 6 3 8 0 72 11 2 13 1 13 16 ]{80: CSTI 2}
[ 4 -999 4 0 19 2 4 3 0 72 6 3 8 0 72 11 2 13 1 13 16 2 ]{82: ADD}
[ 4 -999 4 0 19 2 4 3 0 72 6 3 8 0 72 11 2 13 1 13 18 ]{83: LDI}
[ 4 -999 4 0 19 2 4 3 0 72 6 3 8 0 72 11 2 13 1 13 1 ]{84: GETBP}
[ 4 -999 4 0 19 2 4 3 0 72 6 3 8 0 72 11 2 13 1 13 1 16 ]{85: CSTI 0}
[ 4 -999 4 0 19 2 4 3 0 72 6 3 8 0 72 11 2 13 1 13 1 16 0 ]{87: ADD}
[ 4 -999 4 0 19 2 4 3 0 72 6 3 8 0 72 11 2 13 1 13 1 16 ]{88: LDI}
[ 4 -999 4 0 19 2 4 3 0 72 6 3 8 0 72 11 2 13 1 13 1 2 ]{89: MUL}
[ 4 -999 4 0 19 2 4 3 0 72 6 3 8 0 72 11 2 13 1 13 2 ]{90: STI}
[ 4 -999 4 0 19 2 4 3 0 72 6 3 8 2 72 11 2 13 1 2 ]{91: INCSP -1}
[ 4 -999 4 0 19 2 4 3 0 72 6 3 8 2 72 11 2 13 1 ]{93: INCSP -1}
[ 4 -999 4 0 19 2 4 3 0 72 6 3 8 2 72 11 2 13 ]{95: INCSP 0}
[ 4 -999 4 0 19 2 4 3 0 72 6 3 8 2 72 11 2 13 ]{97: RET 1}
[ 4 -999 4 0 19 2 4 3 0 72 6 3 8 2 13 ]{72: INCSP -1}
[ 4 -999 4 0 19 2 4 3 0 72 6 3 8 2 ]{74: GETBP}
[ 4 -999 4 0 19 2 4 3 0 72 6 3 8 2 11 ]{75: CSTI 1}
[ 4 -999 4 0 19 2 4 3 0 72 6 3 8 2 11 1 ]{77: ADD}
[ 4 -999 4 0 19 2 4 3 0 72 6 3 8 2 12 ]{78: LDI}
[ 4 -999 4 0 19 2 4 3 0 72 6 3 8 2 8 ]{79: GETBP}
[ 4 -999 4 0 19 2 4 3 0 72 6 3 8 2 8 11 ]{80: CSTI 2}
[ 4 -999 4 0 19 2 4 3 0 72 6 3 8 2 8 11 2 ]{82: ADD}
[ 4 -999 4 0 19 2 4 3 0 72 6 3 8 2 8 13 ]{83: LDI}
[ 4 -999 4 0 19 2 4 3 0 72 6 3 8 2 8 2 ]{84: GETBP}
[ 4 -999 4 0 19 2 4 3 0 72 6 3 8 2 8 2 11 ]{85: CSTI 0}
[ 4 -999 4 0 19 2 4 3 0 72 6 3 8 2 8 2 11 0 ]{87: ADD}
[ 4 -999 4 0 19 2 4 3 0 72 6 3 8 2 8 2 11 ]{88: LDI}
[ 4 -999 4 0 19 2 4 3 0 72 6 3 8 2 8 2 3 ]{89: MUL}
[ 4 -999 4 0 19 2 4 3 0 72 6 3 8 2 8 6 ]{90: STI}
[ 4 -999 4 0 19 2 4 3 6 72 6 3 8 2 6 ]{91: INCSP -1}
[ 4 -999 4 0 19 2 4 3 6 72 6 3 8 2 ]{93: INCSP -1}
[ 4 -999 4 0 19 2 4 3 6 72 6 3 8 ]{95: INCSP 0}
[ 4 -999 4 0 19 2 4 3 6 72 6 3 8 ]{97: RET 1}
[ 4 -999 4 0 19 2 4 3 6 8 ]{72: INCSP -1}
[ 4 -999 4 0 19 2 4 3 6 ]{74: GETBP}
[ 4 -999 4 0 19 2 4 3 6 6 ]{75: CSTI 1}
[ 4 -999 4 0 19 2 4 3 6 6 1 ]{77: ADD}
[ 4 -999 4 0 19 2 4 3 6 7 ]{78: LDI}
[ 4 -999 4 0 19 2 4 3 6 3 ]{79: GETBP}
[ 4 -999 4 0 19 2 4 3 6 3 6 ]{80: CSTI 2}
[ 4 -999 4 0 19 2 4 3 6 3 6 2 ]{82: ADD}
[ 4 -999 4 0 19 2 4 3 6 3 8 ]{83: LDI}
[ 4 -999 4 0 19 2 4 3 6 3 6 ]{84: GETBP}
[ 4 -999 4 0 19 2 4 3 6 3 6 6 ]{85: CSTI 0}
[ 4 -999 4 0 19 2 4 3 6 3 6 6 0 ]{87: ADD}
[ 4 -999 4 0 19 2 4 3 6 3 6 6 ]{88: LDI}
[ 4 -999 4 0 19 2 4 3 6 3 6 4 ]{89: MUL}
[ 4 -999 4 0 19 2 4 3 6 3 24 ]{90: STI}
[ 4 -999 4 24 19 2 4 3 6 24 ]{91: INCSP -1}
[ 4 -999 4 24 19 2 4 3 6 ]{93: INCSP -1}
[ 4 -999 4 24 19 2 4 3 ]{95: INCSP 0}
[ 4 -999 4 24 19 2 4 3 ]{97: RET 1}
[ 4 -999 4 24 3 ]{19: INCSP -1}
[ 4 -999 4 24 ]{21: GETBP}
[ 4 -999 4 24 2 ]{22: CSTI 1}
[ 4 -999 4 24 2 1 ]{24: ADD}
[ 4 -999 4 24 3 ]{25: LDI}
[ 4 -999 4 24 24 ]{26: PRINTI}
24 [ 4 -999 4 24 24 ]{27: INCSP -1}
[ 4 -999 4 24 ]{29: INCSP -1}
[ 4 -999 4 ]{31: RET 0}
[ 4 ]{4: STOP}
